4294967294,0
4294967294,53
4294967294,417
236,5
236,4
236,3
236,2
236,1
4294967279,312
4294967278,309
4294967279,307
235,4
235,3
235,2
235,1
4294967279,306
4294967278,305
4294967279,305
234,5
234,4
234,3
234,2
234,1
4294967278,169
4294967294,84
233,5
4294967279,165
233,4
233,3
233,2
233,1
4294967278,389
232,4
232,3
232,2
232,1
4294967279,159
4294967279,156
231,5
4294967278,153
231,4
231,3
231,2
231,1
4294967294,22
230,5
230,4
4294967278,145
230,3
230,2
230,1
4294967279,408
4294967278,388
229,4
229,3
229,2
229,1
4294967278,288
228,5
228,4
228,3
228,2
228,1
227,5
4294967278,282
227,4
4294967279,270
227,3
227,2
227,1
4294967279,288
226,4
226,3
226,2
226,1
4294967278,387
225,5
225,4
4294967278,336
225,3
225,2
225,1
4294967279,445
224,5
4294967278,330
224,4
4294967279,397
224,3
224,2
224,1
4294967279,396
223,4
223,3
223,2
223,1
4294967278,252
222,5
222,4
222,3
222,2
222,1
4294967279,241
4294967294,17
4294967294,67
4294967294,99
4294967294,154
4294967278,110
4294967278,107
4294967278,104
4294967278,260
4294967278,174
221,5
221,4
221,3
221,2
221,1
220,4
220,3
220,2
220,1
219,5
219,4
219,3
219,2
219,1
218,5
218,4
218,3
218,2
218,1
4294967278,202
217,4
217,3
217,2
217,1
4294967279,455
4294967278,194
216,5
216,4
4294967278,192
216,3
216,2
216,1
4294967278,186
215,5
215,4
215,3
215,2
215,1
4294967279,185
4294967278,310
214,4
214,3
214,2
214,1
213,5
213,4
213,3
213,2
213,1
4294967278,172
4294967279,419
4294967278,102
4294967278,298
4294967279,410
4294967279,174
4294967279,260
4294967278,299
212,5
212,4
212,3
212,2
212,1
4294967279,168
0,7
4294967279,416
4294967278,379
4294967294,5
4294967294,1163
211,4
211,3
211,2
211,1
4294967279,300
4294967294,7
210,5
210,4
210,3
210,2
210,1
4294967278,156
4294967279,297
4294967279,296
0,5
4294967279,449
4294967294,470
4294967279,413
4294967294,6
4294967278,344
4294967294,52
4294967279,146
4294967279,409
4294967279,291
4294967278,138
4294967294,1419
4294967279,287
203,5
4294967279,263
203,4
203,3
203,2
203,1
4294967278,385
4294967278,286
202,4
4294967278,334
202,3
202,2
202,1
201,5
201,4
201,3
201,2
201,1
200,5
4294967279,249
200,4
200,3
200,2
200,1
199,4
199,3
199,2
199,1
198,5
198,4
198,3
198,2
198,1
4294967279,229
4294967278,211
4294967279,212
4294967278,205
4294967294,43
4294967294,94
4294967294,96
194,5
194,4
194,3
194,2
194,1
4294967278,316
193,4
193,3
193,2
193,1
192,5
4294967278,190
192,4
4294967279,191
192,3
192,2
192,1
4294967278,103
191,5
191,4
191,3
191,2
191,1
190,4
190,3
190,2
190,1
189,5
189,4
189,3
189,2
189,1
4294967294,1085
4294967294,1159
4294967294,1069
4294967294,1080
4294967278,151
185,5
185,4
185,3
185,2
185,1
184,4
184,3
184,2
184,1
183,5
4294967278,139
183,4
183,3
183,2
183,1
4294967279,138
4294967279,277
182,5
182,4
182,3
182,2
182,1
4294967294,93
4294967294,95
181,4
181,3
181,2
181,1
4294967294,9
4294967279,271
4294967278,338
4294967294,8
4294967279,269
180,5
180,4
180,3
180,2
180,1
4294967278,263
4294967278,262
4294967279,402
4294967278,259
4294967279,262
4294967278,258
4294967278,257
4294967278,386
4294967278,373
4294967279,400
4294967278,332
4294967279,399
4294967279,256
4294967278,255
4294967278,326
4294967279,448
4294967278,254
4294967279,248
4294967279,246
4294967279,244
4294967278,241
4294967279,240
4294967278,329
4294967278,324
4294967278,325
4294967278,323
4294967279,393
4294967279,247
4294967279,245
4294967279,243
4294967279,227
4294967279,217
4294967279,386
4294967279,317
4294967278,236
4294967278,235
4294967279,235
4294967278,231
4294967279,226
4294967279,222
4294967279,225
4294967278,223
4294967279,223
4294967279,221
4294967279,219
4294967279,216
4294967279,213
4294967278,209
4294967279,210
4294967278,207
4294967279,389
4294967279,206
4294967278,204
4294967278,317
4294967279,318
4294967279,316
4294967278,313
4294967279,195
4294967279,194
4294967279,192
4294967279,189
4294967279,187
4294967279,314
4294967279,184
4294967278,307
4294967279,447
4294967279,173
4294967279,170
4294967279,304
164,5
164,4
164,3
164,2
164,1
4294967278,300
163,4
163,3
163,2
163,1
162,5
162,4
162,3
162,2
162,1
4294967279,153
161,5
4294967279,148
161,4
4294967278,147
161,3
161,2
161,1
4294967279,293
160,4
160,3
160,2
160,1
159,5
4294967278,276
159,4
159,3
159,2
159,1
4294967279,454
158,5
158,4
158,3
158,2
158,1
4294967279,272
157,4
4294967278,266
157,3
157,2
157,1
4294967278,280
4294967279,267
4294967279,286
4294967278,279
4294967279,265
156,5
4294967278,278
156,4
156,3
156,2
156,1
4294967278,261
4294967279,259
4294967279,281
155,5
155,4
155,3
155,2
155,1
4294967278,256
4294967279,444
4294967279,255
154,4
154,3
154,2
154,1
4294967279,253
4294967279,250
153,5
4294967278,248
153,4
153,3
153,2
153,1
4294967278,240
4294967279,238
4294967278,384
4294967279,443
4294967279,234
4294967279,232
4294967279,230
4294967279,228
4294967278,227
4294967279,224
4294967278,221
4294967279,220
4294967279,218
4294967278,216
4294967278,213
4294967278,210
4294967278,208
4294967279,441
4294967279,204
4294967279,203
4294967279,201
4294967278,199
4294967279,199
4294967278,364
4294967278,197
4294967279,198
4294967279,313
4294967278,311
4294967279,309
4294967278,308
146,5
146,4
146,3
146,2
146,1
4294967279,440
4294967278,358
145,4
145,3
145,2
145,1
4294967279,188
4294967278,357
4294967279,186
144,5
144,4
4294967279,183
144,3
144,2
144,1
4294967279,181
4294967279,308
4294967278,176
4294967279,177
4294967278,173
4294967279,175
4294967278,302
4294967279,172
4294967278,170
4294967279,171
4294967279,169
4294967279,438
4294967278,350
4294967279,166
4294967278,164
4294967279,164
4294967278,162
4294967279,302
4294967279,162
